0 1 0 0 0 0 0 0 0 0 0 0 0 0 0 0 0 0 0 0 0 0 0
1 0 0 0 0 0 0 0 0 0 0 0 0 0 0 0 0 0 0 0 0 0 0
2 0 0 0 0 0 0 0 0 0 0 0 1 0 0 0 0 0 0 0 0 0 0
3 0 0 0 0 0 0 0 0 0 0 0 1 0 0 0 0 0 0 0 0 1 0
4 0 0 0 0 0 0 0 0 0 0 0 1 0 0 0 0 0 0 0 0 0 0
5 0 0 0 0 0 0 0 0 0 0 0 0 1 0 0 1 0 0 0 1 0 0
6 1 0 1 1 0 1 0 0 0 1 0 1 0 0 0 0 0 0 0 0 0 0
7 1 0 0 0 1 0 0 1 1 0 1 1 0 0 0 0 1 1 1 0 0 1
8 1 1 1 1 1 1 1 1 1 1 1 1 1 1 1 1 1 1 1 1 0 1
9 1 2 2 2 1 1 2 2 1 1 1 2 2 2 2 1 2 2 2 1 2 1
10 2 2 2 2 3 3 2 3 3 3 3 3 3 2 2 2 2 3 2 3 2 3
11 4 3 4 4 4 4 3 4 3 3 5 4 5 4 4 4 4 4 4 3 4 3
12 7 5 6 5 5 7 7 7 6 5 5 7 7 5 5 5 5 6 7 6 8 6
13 8 8 8 8 8 8 8 8 7 7 9 9 10 8 8 8 8 8 8 7 12 7
14 12 11 11 11 11 11 10 12 11 10 14 12 11 11 11 11 11 11 12 10 14 11
15 14 15 15 15 15 15 16 15 15 16 18 19 16 16 15 15 16 15 16 15 20 16
16 20 20 22 21 21 21 21 21 21 21 25 20 21 21 21 21 21 20 21 21 25 21
17 30 28 28 28 27 29 29 321 29 28 32 29 28 28 28 29 28 284 28 28 34 29
18 39 37 37 37 36 37 39 37 36 36 37 35 37 37 37 41 36 38 38 37 38 37
19 48 48 48 47 48 49 52 49 48 48 48 49 48 50 49 48 48 49 48 48 50 49
20 80 77 77 76 79 73 78 66 86 72 78 79 76 74 65 75 79 66 75 70 72 86
21 92 90 94 89 84 92 103 86 104 94 89 108 91 93 84 93 93 87 91 93 89 94
22 115 120 105 106 113 104 115 110 109 108 107 102 108 109 112 105 109 108 109 106 107 109
23 140 135 141 145 136 370 136 136 146 137 137 171 136 142 135 387 138 136 134 137 137 135
24 169 167 170 169 167 167 175 169 174 167 170 194 444 167 166 167 166 167 168 168 168 166
25 205 205 204 209 206 206 455 217 217 210 207 230 205 206 207 208 209 206 204 398 207 204
26 256 249 258 457 252 249 253 270 261 248 250 252 252 235 252 246 251 250 250 245 481 247
27 301 297 296 305 335 296 298 299 319 296 296 301 306 296 324 301 294 351 300 298 299 297
28 401 360 350 353 353 394 388 409 391 350 352 471 353 349 352 393 350 351 527 351 353 362
29 611 413 440 412 414 420 505 480 425 463 413 456 438 483 428 416 457 415 416 453 414 427
30 672 556 490 508 542 490 499 607 493 489 513 603 491 489 532 490 494 538 497 491 514 526
31 571 572 624 572 570 612 576 580 611 652 574 580 624 576 578 615 583 574 611 649 579 859
32 723 731 673 703 732 668 684 737 672 670 711 709 675 706 728 671 679 734 684 709 708 729
33 799 775 809 848 772 797 852 778 810 847 779 829 812 857 776 800 840 771 883 842 779 839
34 917 929 982 895 928 957 904 926 952 895 951 962 981 891 935 971 892 918 1152 890 906 972
35 1061 1086 1028 1052 1079 1015 1064 1088 1110 1034 1195 1019 1034 1057 1117 1024 1034 1073 1126 1031 1060 1128
36 1280 1258 1219 1250 1250 1169 1227 1441 1171 1195 1227 1201 1183 1218 1251 1180 1207 1242 1179 1194 1232 1289
37 1481 1585 1353 1422 1414 1342 1429 1459 1442 1375 1419 1427 1350 1402 1414 1345 1374 1404 1444 1359 1399 1453
38 1812 1655 1669 1561 1590 1630 1636 1598 1740 1700 1642 1791 1647 1563 1594 1639 1548 1588 1808 1679 1576 1610
39 1728 1791 1944 1865 1764 1938 1906 1938 1812 1950 1904 2112 2072 1866 1776 1952 1857 1910 1849 1935 1899 1859
40 2646 2379 2355 2171 2066 2188 2203 2164 2117 2206 2193 2082 2485 2174 2091 2217 2166 2155 2110 2192 2203 2146
41 3038 3459 2325 2365 2629 2977 2368 2531 2717 2446 2499 2584 2318 2371 2631 3179 2350 2393 2668 2420 2424 2796
42 3191 3065 2633 2844 2891 2802 3434 3260 2933 2607 2988 3036 2623 2848 2955 2875 3073 3304 3067 2596 2899 3282
43 3321 3324 3472 3408 3190 3477 3180 3397 3200 3419 3298 3331 3308 3421 3224 3490 3112 3438 3302 3353 3175 3234
44 3717 3774 3755 3619 3638 3423 3723 4122 3736 3541 4270 3731 3619 4109 3704 3431 3773 3886 4111 3499 3757 4131
45 4383 4145 4324 4038 4136 4122 4059 4158 4043 4314 4288 4358 4168 4375 4157 4134 4080 4684 4103 4013 4127 4051
46 4663 4816 4698 4616 4985 4788 4841 4912 4400 5434 4935 4579 4589 4774 5028 4777 4466 4863 4495 5342 4855 4392
47 5224 4908 5201 5218 4951 5198 5161 5185 5308 5414 5163 5227 5192 5207 4988 5172 5221 5026 5347 5424 5154 5308
48 5955 5905 5795 5659 5751 5737 5626 5695 5685 5522 5708 5908 6105 5650 5790 5691 5623 5752 5894 5496 5641 5633
49 6526 6191 6518 6363 6163 6790 6450 6165 6230 6461 6120 6614 6238 6378 6217 6437 6455 6132 6517 6415 6164 6222
50 7229 7012 6940 6578 6838 7257 6590 6887 7118 6720 6814 6903 7201 6622 6920 6992 6596 6810 7109 6724 6839 6846
